"","StrAbsenteeD","StrElectionD","StrTotalD","StrAbsenteeR","StrElectionR","StrTotalR","StrAbsenteeO","StrElectionO","StrTotalO","StrVotesTotal","MixAbsenteeD","MixElectionD","MixTotalD","MixAbsenteeR","MixElectionR","MixTotalR","MixAbsenteeO","MixElectionO","MixTotalO","MixVotesTotal","TotAbsenteeD","TotElectionD","TotTotalD","TotAbsenteeR","TotElectionR","TotTotalR","TotAbsenteeO","TotElectionO","TotTotalO","TotVotesTotal"
"Addison Twp 1",174,52,226,326,347,673,2,4,6,905,170,43,213,204,246,450,11,7,18,681,344,95,439,530,593,1123,13,11,24,1586
"Addison Twp 2",210,26,236,401,315,716,6,2,8,960,197,51,248,205,175,380,11,7,18,646,407,77,484,606,490,1096,17,9,26,1606
"Addison Twp 3",131,24,155,213,222,435,1,3,4,594,143,38,181,110,168,278,2,6,8,467,274,62,336,323,390,713,3,9,12,1061
"Bloomfield Twp 1",318,69,387,229,163,392,2,5,7,786,245,53,298,124,101,225,6,-1,5,528,563,122,685,353,264,617,8,4,12,1314
"Bloomfield Twp 2",481,129,610,260,176,436,3,4,7,1053,378,111,489,154,120,274,9,10,19,782,859,240,1099,414,296,710,12,14,26,1835
"Bloomfield Twp 3",498,123,621,219,152,371,3,3,6,998,322,88,410,127,87,214,14,2,16,640,820,211,1031,346,239,585,17,5,22,1638
"Bloomfield Twp 4",334,69,403,222,140,362,6,0,6,771,238,52,290,104,91,195,4,5,9,494,572,121,693,326,231,557,10,5,15,1265
"Bloomfield Twp 5",403,131,534,242,247,489,5,4,9,1032,416,130,546,156,117,273,12,5,17,836,819,261,1080,398,364,762,17,9,26,1868
"Bloomfield Twp 6",348,74,422,364,185,549,4,3,7,978,347,86,433,159,125,284,6,2,8,725,695,160,855,523,310,833,10,5,15,1703
"Bloomfield Twp 7",334,78,412,312,267,579,3,2,5,996,413,98,511,165,181,346,12,8,20,877,747,176,923,477,448,925,15,10,25,1873
"Bloomfield Twp 8",459,57,516,325,140,465,2,0,2,983,377,60,437,173,65,238,18,5,23,698,836,117,953,498,205,703,20,5,25,1681
"Bloomfield Twp 9",436,63,499,358,205,563,2,1,3,1065,431,71,502,215,144,359,21,8,29,890,867,134,1001,573,349,922,23,9,32,1955
"Bloomfield Twp 10",282,55,337,244,208,452,4,0,4,793,402,80,482,141,83,224,10,4,14,720,684,135,819,385,291,676,14,4,18,1513
"Bloomfield Twp 11",298,41,339,177,121,298,1,2,3,640,298,33,331,127,66,193,6,4,10,534,596,74,670,304,187,491,7,6,13,1174
"Bloomfield Twp 12",409,50,459,256,177,433,6,1,7,899,449,52,501,185,86,271,2,3,5,777,858,102,960,441,263,704,8,4,12,1676
"Bloomfield Twp 13",435,71,506,176,169,345,0,1,1,852,348,63,411,121,98,219,12,16,28,658,783,134,917,297,267,564,12,17,29,1510
"Bloomfield Twp 14",370,57,427,176,103,279,2,0,2,708,412,78,490,119,102,221,7,3,10,721,782,135,917,295,205,500,9,3,12,1429
"Bloomfield Twp 15",530,94,624,353,265,618,2,0,2,1244,422,80,502,269,117,386,9,9,18,906,952,174,1126,622,382,1004,11,9,20,2150
"Bloomfield Twp 16",384,43,427,538,271,809,2,1,3,1239,644,125,769,305,267,572,29,8,37,1378,1028,168,1196,843,538,1381,31,9,40,2617
"Bloomfield Twp 17",566,85,651,233,176,409,3,0,3,1063,540,75,615,146,86,232,14,4,18,865,1106,160,1266,379,262,641,17,4,21,1928
"Bloomfield Twp 18",333,58,391,310,212,522,1,3,4,917,447,111,558,196,138,334,9,6,15,907,780,169,949,506,350,856,10,9,19,1824
"Brandon Twp 1",191,62,253,244,397,641,2,6,8,902,236,91,327,192,331,523,13,9,22,872,427,153,580,436,728,1164,15,15,30,1774
"Brandon Twp 2",244,62,306,333,395,728,4,9,13,1047,249,121,370,188,313,501,12,8,20,891,493,183,676,521,708,1229,16,17,33,1938
"Brandon Twp 3",192,79,271,289,512,801,4,13,17,1089,264,146,410,214,352,566,15,9,24,1000,456,225,681,503,864,1367,19,22,41,2089
"Brandon Twp 4",250,84,334,366,534,900,2,11,13,1247,301,95,396,231,373,604,19,12,31,1031,551,179,730,597,907,1504,21,23,44,2278
"Brandon Twp 5",103,125,228,54,259,313,1,14,15,556,54,91,145,25,168,193,7,1,8,346,157,216,373,79,427,506,8,15,23,902
"Brandon Twp 6",84,58,142,68,180,248,6,10,16,406,101,75,176,82,182,264,-1,-1,-2,438,185,133,318,150,362,512,5,9,14,844
"Commerce Twp 1",265,78,343,353,324,677,8,5,13,1033,311,82,393,211,228,439,8,8,16,848,576,160,736,564,552,1116,16,13,29,1881
"Commerce Twp 2",328,78,406,326,308,634,2,8,10,1050,308,95,403,201,199,400,14,7,21,824,636,173,809,527,507,1034,16,15,31,1874
"Commerce Twp 3",519,89,608,391,243,634,3,1,4,1246,378,82,460,174,151,325,9,2,11,796,897,171,1068,565,394,959,12,3,15,2042
"Commerce Twp 4",308,79,387,317,349,666,2,5,7,1060,326,104,430,201,227,428,17,3,20,878,634,183,817,518,576,1094,19,8,27,1938
"Commerce Twp 5",320,48,368,407,326,733,5,4,9,1110,370,92,462,239,234,473,8,3,11,946,690,140,830,646,560,1206,13,7,20,2056
"Commerce Twp 6",277,63,340,225,271,496,6,6,12,848,258,98,356,157,184,341,7,5,12,709,535,161,696,382,455,837,13,11,24,1557
"Commerce Twp 7",261,40,301,409,250,659,4,2,6,966,442,73,515,289,232,521,19,9,28,1064,703,113,816,698,482,1180,23,11,34,2030
"Commerce Twp 8",300,57,357,431,319,750,4,1,5,1112,433,94,527,277,235,512,23,8,31,1070,733,151,884,708,554,1262,27,9,36,2182
"Commerce Twp 9",345,90,435,378,371,749,5,5,10,1194,459,148,607,272,270,542,22,5,27,1176,804,238,1042,650,641,1291,27,10,37,2370
"Commerce Twp 10",315,80,395,319,288,607,3,6,9,1011,323,95,418,194,190,384,9,6,15,817,638,175,813,513,478,991,12,12,24,1828
"Commerce Twp 11",451,85,536,390,307,697,5,5,10,1243,342,102,444,202,183,385,18,4,22,851,793,187,980,592,490,1082,23,9,32,2094
"Commerce Twp 12",180,73,253,157,186,343,3,4,7,603,160,80,240,93,173,266,4,7,11,517,340,153,493,250,359,609,7,11,18,1120
"Commerce Twp 13",332,98,430,350,309,659,5,7,12,1101,386,114,500,194,198,392,17,7,24,916,718,212,930,544,507,1051,22,14,36,2017
"Commerce Twp 14",204,118,322,109,267,376,4,10,14,712,145,78,223,77,174,251,5,0,5,479,349,196,545,186,441,627,9,10,19,1191
"Commerce Twp 15",222,64,286,242,273,515,4,3,7,808,272,102,374,184,219,403,12,9,21,798,494,166,660,426,492,918,16,12,28,1606
"Groveland Twp 1",121,34,155,175,239,414,2,5,7,576,103,40,143,114,177,291,7,2,9,443,224,74,298,289,416,705,9,7,16,1019
"Groveland Twp 2",169,63,232,198,306,504,2,7,9,745,140,51,191,126,222,348,4,7,11,550,309,114,423,324,528,852,6,14,20,1295
"Groveland Twp 3",130,50,180,233,290,523,5,2,7,710,192,62,254,203,230,433,14,10,24,711,322,112,434,436,520,956,19,12,31,1421
"Highland Twp 1",298,55,353,538,387,925,11,5,16,1294,384,75,459,311,264,575,12,13,25,1059,682,130,812,849,651,1500,23,18,41,2353
"Highland Twp 2",218,46,264,358,372,730,3,6,9,1003,208,87,295,217,255,472,16,8,24,791,426,133,559,575,627,1202,19,14,33,1794
"Highland Twp 3",146,46,192,188,203,391,9,12,21,604,162,64,226,125,153,278,5,-2,3,507,308,110,418,313,356,669,14,10,24,1111
"Highland Twp 4",284,48,332,339,329,668,8,6,14,1014,373,90,463,250,231,481,15,3,18,962,657,138,795,589,560,1149,23,9,32,1976
"Highland Twp 5",132,34,166,208,239,447,1,5,6,619,205,61,266,170,186,356,5,-1,4,626,337,95,432,378,425,803,6,4,10,1245
"Highland Twp 6",236,53,289,341,354,695,5,8,13,997,231,65,296,199,238,437,10,9,19,752,467,118,585,540,592,1132,15,17,32,1749
"Highland Twp 7",112,55,167,210,269,479,3,9,12,658,157,70,227,132,172,304,6,0,6,537,269,125,394,342,441,783,9,9,18,1195
"Highland Twp 8",175,44,219,256,210,466,2,1,3,688,256,53,309,145,125,270,14,9,23,602,431,97,528,401,335,736,16,10,26,1290
"Holly Twp 1",253,117,370,188,371,559,5,16,21,950,220,117,337,122,251,373,3,16,19,729,473,234,707,310,622,932,8,32,40,1679
"Holly Twp 2",222,100,322,179,304,483,5,10,15,820,196,113,309,112,258,370,6,16,22,701,418,213,631,291,562,853,11,26,37,1521
"Holly Twp 3",252,85,337,264,415,679,3,6,9,1025,202,95,297,157,326,483,10,8,18,798,454,180,634,421,741,1162,13,14,27,1823
"Holly Twp 4",315,106,421,333,371,704,3,7,10,1135,256,99,355,166,289,455,11,8,19,829,571,205,776,499,660,1159,14,15,29,1964
"Independence Twp 1",324,47,371,438,427,865,4,7,11,1247,415,91,506,256,285,541,16,12,28,1075,739,138,877,694,712,1406,20,19,39,2322
"Independence Twp 2",229,66,295,331,286,617,4,8,12,924,299,77,376,191,231,422,23,0,23,821,528,143,671,522,517,1039,27,8,35,1745
"Independence Twp 3",253,45,298,409,279,688,4,3,7,993,347,69,416,221,202,423,16,12,28,867,600,114,714,630,481,1111,20,15,35,1860
"Independence Twp 4",242,38,280,416,283,699,2,3,5,984,316,79,395,184,194,378,29,6,35,808,558,117,675,600,477,1077,31,9,40,1792
"Independence Twp 5",310,66,376,430,348,778,7,3,10,1164,387,99,486,252,215,467,8,17,25,978,697,165,862,682,563,1245,15,20,35,2142
"Independence Twp 6",323,86,409,327,306,633,4,7,11,1053,346,115,461,194,240,434,10,8,18,913,669,201,870,521,546,1067,14,15,29,1966
"Independence Twp 7",371,108,479,405,250,655,4,7,11,1145,405,115,520,225,217,442,13,9,22,984,776,223,999,630,467,1097,17,16,33,2129
"Independence Twp 8",264,33,297,343,242,585,2,2,4,886,276,66,342,197,204,401,8,5,13,756,540,99,639,540,446,986,10,7,17,1642
"Independence Twp 9",296,62,358,386,386,772,2,5,7,1137,358,111,469,246,274,520,10,17,27,1016,654,173,827,632,660,1292,12,22,34,2153
"Independence Twp 10",287,121,408,254,345,599,10,11,21,1028,177,110,287,112,252,364,14,7,21,672,464,231,695,366,597,963,24,18,42,1700
"Independence Twp 11",300,92,392,335,417,752,6,13,19,1163,295,109,404,261,274,535,16,10,26,965,595,201,796,596,691,1287,22,23,45,2128
"Independence Twp 12",148,56,204,158,167,325,5,6,11,540,139,58,197,80,119,199,5,3,8,404,287,114,401,238,286,524,10,9,19,944
"Independence Twp 13",241,92,333,285,203,488,5,2,7,828,222,70,292,179,167,346,12,14,26,664,463,162,625,464,370,834,17,16,33,1492
"Lyon Twp 1",330,76,406,374,297,671,7,3,10,1087,359,76,435,223,207,430,8,9,17,882,689,152,841,597,504,1101,15,12,27,1969
"Lyon Twp 2",75,9,84,95,71,166,3,1,4,254,76,17,93,45,45,90,2,0,2,185,151,26,177,140,116,256,5,1,6,439
"Lyon Twp 3",305,87,392,404,298,702,6,6,12,1106,317,77,394,171,178,349,15,3,18,761,622,164,786,575,476,1051,21,9,30,1867
"Lyon Twp 4",223,77,300,288,278,566,5,5,10,876,229,92,321,163,200,363,11,5,16,700,452,169,621,451,478,929,16,10,26,1576
"Lyon Twp 5",311,48,359,481,224,705,6,4,10,1074,365,71,436,230,170,400,16,8,24,860,676,119,795,711,394,1105,22,12,34,1934
"Lyon Twp 6",432,83,515,686,419,1105,6,3,9,1629,484,125,609,296,263,559,26,4,30,1198,916,208,1124,982,682,1664,32,7,39,2827
"Lyon Twp 7",88,16,104,71,42,113,0,1,1,218,81,22,103,37,29,66,4,-1,3,172,169,38,207,108,71,179,4,0,4,390
"Lyon Twp 8",63,22,85,79,97,176,1,1,2,263,68,21,89,37,50,87,4,5,9,185,131,43,174,116,147,263,5,6,11,448
"Lyon Twp 9",293,76,369,294,259,553,3,4,7,929,420,98,518,186,236,422,20,8,28,968,713,174,887,480,495,975,23,12,35,1897
"Milford Twp 1",171,47,218,337,236,573,0,2,2,793,292,86,378,196,192,388,9,6,15,781,463,133,596,533,428,961,9,8,17,1574
"Milford Twp 2",180,68,248,219,274,493,2,5,7,748,138,59,197,96,160,256,8,5,13,466,318,127,445,315,434,749,10,10,20,1214
"Milford Twp 3",249,42,291,346,261,607,1,2,3,901,266,70,336,199,165,364,8,4,12,712,515,112,627,545,426,971,9,6,15,1613
"Milford Twp 4",189,31,220,259,209,468,4,1,5,693,221,44,265,145,134,279,12,12,24,568,410,75,485,404,343,747,16,13,29,1261
"Milford Twp 5",202,39,241,279,169,448,4,3,7,696,251,50,301,146,129,275,13,8,21,597,453,89,542,425,298,723,17,11,28,1293
"Milford Twp 6",304,48,352,252,184,436,4,3,7,795,314,95,409,140,136,276,5,6,11,696,618,143,761,392,320,712,9,9,18,1491
"Milford Twp 7",350,70,420,290,264,554,7,6,13,987,381,103,484,149,178,327,12,6,18,829,731,173,904,439,442,881,19,12,31,1816
"Milford Twp 8",225,63,288,193,152,345,1,3,4,637,206,85,291,124,110,234,8,10,18,543,431,148,579,317,262,579,9,13,22,1180
"Novi Twp 1",0,33,33,0,32,32,0,0,0,65,0,30,30,0,22,22,0,4,4,56,0,63,63,0,54,54,0,4,4,121
"Oakland Twp 1",268,53,321,329,263,592,3,3,6,919,326,74,400,183,182,365,9,2,11,776,594,127,721,512,445,957,12,5,17,1695
"Oakland Twp 2",268,92,360,289,352,641,0,2,2,1003,277,80,357,153,285,438,12,13,25,820,545,172,717,442,637,1079,12,15,27,1823
"Oakland Twp 3",121,28,149,207,229,436,0,0,0,585,164,58,222,108,126,234,2,5,7,463,285,86,371,315,355,670,2,5,7,1048
"Oakland Twp 4",185,38,223,342,203,545,5,2,7,775,225,75,300,155,139,294,4,8,12,606,410,113,523,497,342,839,9,10,19,1381
"Oakland Twp 5",361,77,438,334,201,535,4,0,4,977,406,67,473,162,145,307,17,9,26,806,767,144,911,496,346,842,21,9,30,1783
"Oakland Twp 6",251,58,309,399,330,729,1,2,3,1041,289,77,366,221,203,424,14,8,22,812,540,135,675,620,533,1153,15,10,25,1853
"Oakland Twp 7",362,61,423,561,313,874,7,1,8,1305,367,83,450,240,186,426,10,1,11,887,729,144,873,801,499,1300,17,2,19,2192
"Oakland Twp 8",226,41,267,277,228,505,4,3,7,779,222,61,283,125,149,274,5,4,9,566,448,102,550,402,377,779,9,7,16,1345
"Orion Twp 1",222,76,298,196,317,513,6,6,12,823,252,141,393,160,256,416,17,11,28,837,474,217,691,356,573,929,23,17,40,1660
"Orion Twp 2",262,79,341,280,332,612,9,13,22,975,265,115,380,164,241,405,15,9,24,809,527,194,721,444,573,1017,24,22,46,1784
"Orion Twp 3",223,51,274,330,284,614,5,4,9,897,299,95,394,190,186,376,17,3,20,790,522,146,668,520,470,990,22,7,29,1687
"Orion Twp 4",235,68,303,353,297,650,4,10,14,967,332,83,415,226,289,515,13,11,24,954,567,151,718,579,586,1165,17,21,38,1921
"Orion Twp 5",277,78,355,306,316,622,4,4,8,985,386,102,488,184,245,429,20,8,28,945,663,180,843,490,561,1051,24,12,36,1930
"Orion Twp 6",208,53,261,275,176,451,2,2,4,716,329,87,416,186,196,382,10,13,23,821,537,140,677,461,372,833,12,15,27,1537
"Orion Twp 7",266,100,366,197,284,481,2,12,14,861,237,112,349,151,229,380,11,4,15,744,503,212,715,348,513,861,13,16,29,1605
"Orion Twp 8",242,59,301,248,229,477,5,4,9,787,346,81,427,158,145,303,15,5,20,750,588,140,728,406,374,780,20,9,29,1537
"Orion Twp 9",348,88,436,356,267,623,9,8,17,1076,417,110,527,185,209,394,17,9,26,947,765,198,963,541,476,1017,26,17,43,2023
"Orion Twp 10",178,63,241,203,196,399,3,1,4,644,261,115,376,126,184,310,15,11,26,712,439,178,617,329,380,709,18,12,30,1356
"Orion Twp 11",142,47,189,164,172,336,5,8,13,538,182,73,255,112,157,269,4,4,8,532,324,120,444,276,329,605,9,12,21,1070
"Orion Twp 12",232,105,337,186,261,447,4,6,10,794,275,120,395,145,251,396,12,8,20,811,507,225,732,331,512,843,16,14,30,1605
"Orion Twp 13",251,74,325,247,266,513,6,6,12,850,292,112,404,138,194,332,22,12,34,770,543,186,729,385,460,845,28,18,46,1620
"Orion Twp 14",137,50,187,138,182,320,0,5,5,512,255,81,336,94,158,252,6,7,13,601,392,131,523,232,340,572,6,12,18,1113
"Orion Twp 15",308,79,387,228,219,447,7,8,15,849,262,108,370,145,188,333,0,1,1,704,570,187,757,373,407,780,7,9,16,1553
"Oxford Twp 1",327,113,440,386,326,712,4,6,10,1162,331,104,435,201,243,444,15,7,22,901,658,217,875,587,569,1156,19,13,32,2063
"Oxford Twp 2",213,74,287,299,296,595,11,10,21,903,211,87,298,155,221,376,10,7,17,691,424,161,585,454,517,971,21,17,38,1594
"Oxford Twp 3",281,74,355,425,365,790,8,4,12,1157,386,111,497,232,314,546,29,16,45,1088,667,185,852,657,679,1336,37,20,57,2245
"Oxford Twp 4",231,64,295,414,351,765,3,10,13,1073,333,111,444,251,296,547,17,12,29,1020,564,175,739,665,647,1312,20,22,42,2093
"Oxford Twp 5",219,65,284,244,269,513,2,9,11,808,202,83,285,117,186,303,9,7,16,604,421,148,569,361,455,816,11,16,27,1412
"Oxford Twp 6",205,41,246,398,369,767,7,2,9,1022,271,72,343,230,276,506,17,7,24,873,476,113,589,628,645,1273,24,9,33,1895
"Oxford Twp 7",338,55,393,442,383,825,6,5,11,1229,414,94,508,267,279,546,13,6,19,1073,752,149,901,709,662,1371,19,11,30,2302
"Rose Twp 1",139,42,181,168,230,398,1,8,9,588,164,56,220,115,186,301,5,3,8,529,303,98,401,283,416,699,6,11,17,1117
"Rose Twp 2",174,37,211,257,310,567,2,8,10,788,193,54,247,171,214,385,13,-2,11,643,367,91,458,428,524,952,15,6,21,1431
"Rose Twp 3",161,55,216,291,332,623,3,6,9,848,234,52,286,188,207,395,7,3,10,691,395,107,502,479,539,1018,10,9,19,1539
"Royal Oak Twp 1",321,225,546,3,13,16,3,6,9,571,96,82,178,2,15,17,-1,3,2,197,417,307,724,5,28,33,2,9,11,768
"Royal Oak Twp 2",284,209,493,3,8,11,0,2,2,506,70,73,143,1,2,3,0,2,2,148,354,282,636,4,10,14,0,4,4,654
"Southfield Twp 1",175,69,244,61,87,148,2,3,5,397,197,88,285,47,68,115,4,3,7,407,372,157,529,108,155,263,6,6,12,804
"Southfield Twp 2",209,64,273,85,97,182,3,1,4,459,244,81,325,57,84,141,0,6,6,472,453,145,598,142,181,323,3,7,10,931
"Southfield Twp 3",162,48,210,67,84,151,1,2,3,364,202,84,286,51,72,123,1,5,6,415,364,132,496,118,156,274,2,7,9,779
"Southfield Twp 4",207,60,267,137,134,271,2,1,3,541,315,121,436,69,114,183,6,9,15,634,522,181,703,206,248,454,8,10,18,1175
"Southfield Twp 5",333,106,439,134,78,212,1,5,6,657,281,100,381,81,77,158,7,4,11,550,614,206,820,215,155,370,8,9,17,1207
"Southfield Twp 6",389,98,487,229,198,427,3,2,5,919,474,138,612,140,131,271,7,10,17,900,863,236,1099,369,329,698,10,12,22,1819
"Southfield Twp 7",158,38,196,142,113,255,0,1,1,452,249,90,339,76,87,163,11,5,16,518,407,128,535,218,200,418,11,6,17,970
"Southfield Twp 8",315,81,396,142,109,251,0,1,1,648,361,119,480,79,89,168,5,10,15,663,676,200,876,221,198,419,5,11,16,1311
"Southfield Twp 9",297,67,364,117,105,222,1,0,1,587,255,88,343,60,94,154,6,12,18,515,552,155,707,177,199,376,7,12,19,1102
"Southfield Twp 10",200,41,241,156,103,259,1,3,4,504,199,51,250,68,41,109,8,5,13,372,399,92,491,224,144,368,9,8,17,876
"Springfield Twp 1",150,50,200,224,324,548,3,4,7,755,235,58,293,134,173,307,6,4,10,610,385,108,493,358,497,855,9,8,17,1365
"Springfield Twp 2",193,83,276,205,337,542,4,7,11,829,179,77,256,97,229,326,1,6,7,589,372,160,532,302,566,868,5,13,18,1418
"Springfield Twp 3",200,58,258,319,371,690,3,9,12,960,251,81,332,179,275,454,16,4,20,806,451,139,590,498,646,1144,19,13,32,1766
"Springfield Twp 4",176,55,231,191,227,418,3,7,10,659,203,52,255,108,197,305,9,3,12,572,379,107,486,299,424,723,12,10,22,1231
"Springfield Twp 5",210,48,258,311,278,589,1,8,9,856,270,55,325,167,233,400,12,-1,11,736,480,103,583,478,511,989,13,7,20,1592
"Springfield Twp 6",201,42,243,244,242,486,3,2,5,734,268,94,362,153,211,364,8,6,14,740,469,136,605,397,453,850,11,8,19,1474
"Springfield Twp 7",90,21,111,108,173,281,1,3,4,396,116,44,160,102,128,230,5,10,15,405,206,65,271,210,301,511,6,13,19,801
"Waterford Twp 1",117,20,137,150,109,259,3,1,4,400,141,26,167,94,97,191,7,4,11,369,258,46,304,244,206,450,10,5,15,769
"Waterford Twp 2",375,87,462,387,329,716,5,7,12,1190,397,101,498,321,263,584,32,15,47,1129,772,188,960,708,592,1300,37,22,59,2319
"Waterford Twp 3",369,97,466,291,367,658,2,7,9,1133,338,92,430,225,285,510,12,20,32,972,707,189,896,516,652,1168,14,27,41,2105
"Waterford Twp 4",297,89,386,403,380,783,3,8,11,1180,323,84,407,241,233,474,13,2,15,896,620,173,793,644,613,1257,16,10,26,2076
"Waterford Twp 5",379,95,474,399,415,814,9,13,22,1310,450,117,567,288,284,572,13,8,21,1160,829,212,1041,687,699,1386,22,21,43,2470
"Waterford Twp 6",355,88,443,284,383,667,6,11,17,1127,369,103,472,284,250,534,21,0,21,1027,724,191,915,568,633,1201,27,11,38,2154
"Waterford Twp 7",351,116,467,305,350,655,4,4,8,1130,336,124,460,209,293,502,9,13,22,984,687,240,927,514,643,1157,13,17,30,2114
"Waterford Twp 8",366,97,463,360,296,656,9,6,15,1134,289,75,364,242,223,465,19,14,33,862,655,172,827,602,519,1121,28,20,48,1996
"Waterford Twp 9",369,104,473,385,279,664,7,9,16,1153,383,87,470,250,263,513,19,-2,17,1000,752,191,943,635,542,1177,26,7,33,2153
"Waterford Twp 10",232,53,285,262,176,438,3,3,6,729,215,37,252,138,135,273,12,7,19,544,447,90,537,400,311,711,15,10,25,1273
"Waterford Twp 11",399,152,551,260,270,530,9,14,23,1104,313,121,434,180,196,376,14,2,16,826,712,273,985,440,466,906,23,16,39,1930
"Waterford Twp 12",418,125,543,377,270,647,7,12,19,1209,361,102,463,240,221,461,18,5,23,947,779,227,1006,617,491,1108,25,17,42,2156
"Waterford Twp 13",411,121,532,264,375,639,7,16,23,1194,329,114,443,229,273,502,14,4,18,963,740,235,975,493,648,1141,21,20,41,2157
"Waterford Twp 14",421,171,592,240,261,501,12,13,25,1118,268,119,387,175,185,360,6,-2,4,751,689,290,979,415,446,861,18,11,29,1869
"Waterford Twp 15",511,195,706,234,268,502,10,19,29,1237,323,110,433,139,244,383,15,2,17,833,834,305,1139,373,512,885,25,21,46,2070
"Waterford Twp 16",392,113,505,410,427,837,7,13,20,1362,399,119,518,245,298,543,19,4,23,1084,791,232,1023,655,725,1380,26,17,43,2446
"Waterford Twp 17",433,121,554,351,317,668,8,17,25,1247,316,136,452,205,230,435,11,7,18,905,749,257,1006,556,547,1103,19,24,43,2152
"Waterford Twp 18",372,95,467,281,288,569,4,6,10,1046,312,94,406,174,183,357,9,10,19,782,684,189,873,455,471,926,13,16,29,1828
"Waterford Twp 19",442,95,537,301,313,614,12,7,19,1170,327,94,421,207,211,418,17,7,24,863,769,189,958,508,524,1032,29,14,43,2033
"Waterford Twp 20",450,163,613,336,398,734,8,12,20,1367,323,111,434,189,261,450,16,9,25,909,773,274,1047,525,659,1184,24,21,45,2276
"Waterford Twp 21",384,122,506,291,317,608,8,15,23,1137,337,107,444,196,200,396,13,3,16,856,721,229,950,487,517,1004,21,18,39,1993
"West Bloomfield Twp 1",585,109,694,265,155,420,2,0,2,1116,432,64,496,149,107,256,9,12,21,773,1017,173,1190,414,262,676,11,12,23,1889
"West Bloomfield Twp 2",415,73,488,350,307,657,9,3,12,1157,343,62,405,197,200,397,7,6,13,815,758,135,893,547,507,1054,16,9,25,1972
"West Bloomfield Twp 3",234,79,313,116,145,261,2,4,6,580,119,54,173,66,83,149,1,2,3,325,353,133,486,182,228,410,3,6,9,905
"West Bloomfield Twp 4",521,73,594,340,175,515,6,5,11,1120,454,71,525,162,132,294,25,8,33,852,975,144,1119,502,307,809,31,13,44,1972
"West Bloomfield Twp 5",534,113,647,297,278,575,2,3,5,1227,320,75,395,139,164,303,15,3,18,716,854,188,1042,436,442,878,17,6,23,1943
"West Bloomfield Twp 6",572,94,666,273,188,461,4,4,8,1135,289,38,327,108,92,200,3,-1,2,529,861,132,993,381,280,661,7,3,10,1664
"West Bloomfield Twp 7",429,72,501,153,117,270,3,3,6,777,303,70,373,109,66,175,9,2,11,559,732,142,874,262,183,445,12,5,17,1336
"West Bloomfield Twp 8",497,64,561,321,220,541,3,3,6,1108,490,90,580,240,154,394,19,2,21,995,987,154,1141,561,374,935,22,5,27,2103
"West Bloomfield Twp 9",494,87,581,180,97,277,1,5,6,864,335,79,414,104,96,200,9,10,19,633,829,166,995,284,193,477,10,15,25,1497
"West Bloomfield Twp 10",668,66,734,305,175,480,4,2,6,1220,522,73,595,168,117,285,16,5,21,901,1190,139,1329,473,292,765,20,7,27,2121
"West Bloomfield Twp 11",627,120,747,224,144,368,6,5,11,1126,354,71,425,147,82,229,4,3,7,661,981,191,1172,371,226,597,10,8,18,1787
"West Bloomfield Twp 12",882,104,986,222,134,356,1,3,4,1346,357,68,425,111,73,184,6,-1,5,614,1239,172,1411,333,207,540,7,2,9,1960
"West Bloomfield Twp 13",547,63,610,174,163,337,6,1,7,954,499,59,558,131,96,227,2,1,3,788,1046,122,1168,305,259,564,8,2,10,1742
"West Bloomfield Twp 14",312,64,376,256,234,490,3,7,10,876,252,64,316,133,168,301,12,6,18,635,564,128,692,389,402,791,15,13,28,1511
"West Bloomfield Twp 15",794,106,900,309,196,505,0,6,6,1411,481,70,551,178,110,288,14,0,14,853,1275,176,1451,487,306,793,14,6,20,2264
"West Bloomfield Twp 16",569,73,642,379,146,525,4,3,7,1174,455,56,511,221,114,335,17,4,21,867,1024,129,1153,600,260,860,21,7,28,2041
"West Bloomfield Twp 17",631,82,713,273,133,406,5,0,5,1124,466,83,549,154,78,232,3,4,7,788,1097,165,1262,427,211,638,8,4,12,1912
"West Bloomfield Twp 18",420,72,492,252,200,452,4,3,7,951,275,57,332,150,111,261,0,-1,-1,592,695,129,824,402,311,713,4,2,6,1543
"West Bloomfield Twp 19",727,93,820,202,124,326,7,2,9,1155,353,41,394,86,61,147,2,2,4,545,1080,134,1214,288,185,473,9,4,13,1700
"West Bloomfield Twp 20",362,65,427,139,152,291,3,4,7,725,228,58,286,83,60,143,6,-1,5,434,590,123,713,222,212,434,9,3,12,1159
"West Bloomfield Twp 21",506,110,616,237,143,380,2,4,6,1002,234,48,282,86,78,164,7,2,9,455,740,158,898,323,221,544,9,6,15,1457
"West Bloomfield Twp 22",736,86,822,390,197,587,2,4,6,1415,394,55,449,175,87,262,10,-1,9,720,1130,141,1271,565,284,849,12,3,15,2135
"West Bloomfield Twp 23",750,127,877,399,333,732,5,0,5,1614,371,84,455,160,162,322,7,4,11,788,1121,211,1332,559,495,1054,12,4,16,2402
"West Bloomfield Twp 24",438,78,516,327,288,615,2,4,6,1137,228,41,269,100,101,201,0,2,2,472,666,119,785,427,389,816,2,6,8,1609
"West Bloomfield Twp 25",477,81,558,259,208,467,4,2,6,1031,344,58,402,199,169,368,11,5,16,786,821,139,960,458,377,835,15,7,22,1817
"White Lake Twp 1",314,87,401,328,316,644,6,2,8,1053,324,111,435,182,264,446,19,3,22,903,638,198,836,510,580,1090,25,5,30,1956
"White Lake Twp 2",224,68,292,306,349,655,4,14,18,965,301,77,378,178,295,473,18,0,18,869,525,145,670,484,644,1128,22,14,36,1834
"White Lake Twp 3",167,21,188,185,192,377,3,4,7,572,226,56,282,135,182,317,13,8,21,620,393,77,470,320,374,694,16,12,28,1192
"White Lake Twp 4",93,23,116,198,155,353,0,3,3,472,158,49,207,128,99,227,3,12,15,449,251,72,323,326,254,580,3,15,18,921
"White Lake Twp 5",274,73,347,332,298,630,3,6,9,986,355,87,442,189,232,421,12,12,24,887,629,160,789,521,530,1051,15,18,33,1873
"White Lake Twp 6",305,101,406,391,371,762,7,9,16,1184,311,106,417,246,253,499,8,0,8,924,616,207,823,637,624,1261,15,9,24,2108
"White Lake Twp 7",230,39,269,252,261,513,5,4,9,791,253,76,329,204,180,384,20,3,23,736,483,115,598,456,441,897,25,7,32,1527
"White Lake Twp 8",297,89,386,292,394,686,10,8,18,1090,275,68,343,178,274,452,5,14,19,814,572,157,729,470,668,1138,15,22,37,1904
"White Lake Twp 9",229,98,327,252,266,518,4,10,14,859,274,77,351,176,237,413,9,17,26,790,503,175,678,428,503,931,13,27,40,1649
"White Lake Twp 10",241,85,326,285,293,578,5,16,21,925,260,101,361,213,251,464,6,-1,5,830,501,186,687,498,544,1042,11,15,26,1755
"White Lake Twp 11",272,67,339,340,330,670,8,12,20,1029,281,75,356,255,287,542,11,1,12,910,553,142,695,595,617,1212,19,13,32,1939
"White Lake Twp 12",199,52,251,192,184,376,2,4,6,633,221,57,278,138,119,257,5,2,7,542,420,109,529,330,303,633,7,6,13,1175
"Auburn Hills 1",200,64,264,111,141,252,6,3,9,525,107,44,151,55,87,142,4,9,13,306,307,108,415,166,228,394,10,12,22,831
"Auburn Hills 2",361,134,495,98,108,206,3,5,8,709,188,83,271,48,66,114,7,4,11,396,549,217,766,146,174,320,10,9,19,1105
"Auburn Hills 3",340,145,485,145,210,355,9,17,26,866,225,104,329,104,148,252,3,1,4,585,565,249,814,249,358,607,12,18,30,1451
"Auburn Hills 4",321,114,435,131,218,349,11,4,15,799,214,79,293,76,106,182,0,13,13,488,535,193,728,207,324,531,11,17,28,1287
"Auburn Hills 5",254,70,324,151,147,298,3,5,8,630,188,80,268,82,115,197,7,4,11,476,442,150,592,233,262,495,10,9,19,1106
"Auburn Hills 6",437,88,525,367,175,542,6,4,10,1077,384,62,446,189,105,294,17,9,26,766,821,150,971,556,280,836,23,13,36,1843
"Auburn Hills 7",486,176,662,94,148,242,5,8,13,917,201,97,298,83,87,170,6,10,16,484,687,273,960,177,235,412,11,18,29,1401
"Auburn Hills 8",364,146,510,99,157,256,7,5,12,778,181,64,245,77,93,170,9,9,18,433,545,210,755,176,250,426,16,14,30,1211
"Auburn Hills 9",281,93,374,128,118,246,7,5,12,632,158,54,212,53,65,118,6,1,7,337,439,147,586,181,183,364,13,6,19,969
"Berkley 1",391,105,496,164,128,292,6,4,10,798,437,145,582,130,147,277,7,14,21,880,828,250,1078,294,275,569,13,18,31,1678
"Berkley 2",400,99,499,122,150,272,3,4,7,778,384,144,528,93,134,227,19,10,29,784,784,243,1027,215,284,499,22,14,36,1562
"Berkley 3",400,105,505,124,173,297,3,4,7,809,344,158,502,74,115,189,10,15,25,716,744,263,1007,198,288,486,13,19,32,1525
"Berkley 4",367,148,515,88,147,235,2,7,9,759,382,200,582,102,175,277,8,6,14,873,749,348,1097,190,322,512,10,13,23,1632
"Berkley 5",342,134,476,100,153,253,2,6,8,737,323,137,460,64,104,168,9,7,16,644,665,271,936,164,257,421,11,13,24,1381
"Berkley 6",346,127,473,98,186,284,4,4,8,765,353,156,509,73,144,217,4,15,19,745,699,283,982,171,330,501,8,19,27,1510
"Berkley 7",374,129,503,117,150,267,3,1,4,774,371,140,511,86,123,209,11,15,26,746,745,269,1014,203,273,476,14,16,30,1520
"Birmingham 1",297,52,349,258,207,465,2,0,2,816,439,97,536,167,122,289,9,7,16,841,736,149,885,425,329,754,11,7,18,1657
"Birmingham 2",362,57,419,229,163,392,2,3,5,816,438,126,564,136,152,288,10,3,13,865,800,183,983,365,315,680,12,6,18,1681
"Birmingham 3",369,66,435,154,164,318,3,6,9,762,359,127,486,98,108,206,4,7,11,703,728,193,921,252,272,524,7,13,20,1465
"Birmingham 4",282,53,335,320,197,517,0,2,2,854,478,115,593,139,153,292,13,3,16,901,760,168,928,459,350,809,13,5,18,1755
"Birmingham 5",390,63,453,207,199,406,1,3,4,863,474,100,574,104,168,272,18,5,23,869,864,163,1027,311,367,678,19,8,27,1732
"Birmingham 6",470,63,533,279,168,447,1,3,4,984,494,112,606,158,109,267,20,3,23,896,964,175,1139,437,277,714,21,6,27,1880
"Birmingham 7",429,99,528,214,180,394,8,3,11,933,484,168,652,142,157,299,9,5,14,965,913,267,1180,356,337,693,17,8,25,1898
"Birmingham 8",366,90,456,201,189,390,4,1,5,851,373,91,464,118,144,262,8,11,19,745,739,181,920,319,333,652,12,12,24,1596
"Birmingham 9",244,78,322,133,176,309,1,2,3,634,309,117,426,96,108,204,5,9,14,644,553,195,748,229,284,513,6,11,17,1278
"Bloomfield Hills 1",363,65,428,375,202,577,3,2,5,1010,350,72,422,214,80,294,15,10,25,741,713,137,850,589,282,871,18,12,30,1751
"Bloomfield Hills 2",270,59,329,302,145,447,1,4,5,781,309,73,382,122,88,210,7,2,9,601,579,132,711,424,233,657,8,6,14,1382
"Clarkston 1",0,134,134,0,196,196,0,4,4,334,0,175,175,0,138,138,0,14,14,327,0,309,309,0,334,334,0,18,18,661
"Clawson 1",464,132,596,213,221,434,6,4,10,1040,449,151,600,140,223,363,13,10,23,986,913,283,1196,353,444,797,19,14,33,2026
"Clawson 2",309,64,373,141,159,300,2,7,9,682,326,121,447,108,118,226,14,5,19,692,635,185,820,249,277,526,16,12,28,1374
"Clawson 3",279,85,364,144,154,298,3,3,6,668,293,137,430,133,156,289,9,9,18,737,572,222,794,277,310,587,12,12,24,1405
"Clawson 4",259,86,345,111,177,288,3,6,9,642,263,138,401,84,120,204,6,12,18,623,522,224,746,195,297,492,9,18,27,1265
"Clawson 5",338,118,456,186,222,408,3,5,8,872,363,152,515,157,185,342,6,17,23,880,701,270,971,343,407,750,9,22,31,1752
"Farmington 1",230,54,284,84,96,180,2,1,3,467,191,94,285,57,73,130,11,7,18,433,421,148,569,141,169,310,13,8,21,900
"Farmington 2",339,94,433,130,146,276,6,1,7,716,257,87,344,86,92,178,5,11,16,538,596,181,777,216,238,454,11,12,23,1254
"Farmington 3",256,112,368,103,140,243,3,5,8,619,209,106,315,74,104,178,6,11,17,510,465,218,683,177,244,421,9,16,25,1129
"Farmington 4",329,76,405,107,101,208,3,4,7,620,219,75,294,55,79,134,4,7,11,439,548,151,699,162,180,342,7,11,18,1059
"Farmington 5",217,78,295,102,87,189,0,1,1,485,199,75,274,77,54,131,6,4,10,415,416,153,569,179,141,320,6,5,11,900
"Farmington 6",252,77,329,125,93,218,4,3,7,554,209,53,262,46,65,111,11,8,19,392,461,130,591,171,158,329,15,11,26,946
"Farmington Hills 1",691,97,788,245,125,370,4,4,8,1166,380,61,441,105,63,168,11,5,16,625,1071,158,1229,350,188,538,15,9,24,1791
"Farmington Hills 2",733,140,873,209,124,333,3,5,8,1214,419,98,517,115,89,204,8,8,16,737,1152,238,1390,324,213,537,11,13,24,1951
"Farmington Hills 3",693,124,817,247,137,384,3,0,3,1204,584,106,690,154,102,256,23,14,37,983,1277,230,1507,401,239,640,26,14,40,2187
"Farmington Hills 4",729,103,832,279,138,417,5,2,7,1256,463,78,541,125,111,236,8,0,8,785,1192,181,1373,404,249,653,13,2,15,2041
"Farmington Hills 5",495,93,588,328,292,620,4,3,7,1215,275,50,325,104,96,200,12,0,12,537,770,143,913,432,388,820,16,3,19,1752
"Farmington Hills 6",357,89,446,77,79,156,3,4,7,609,147,47,194,42,46,88,7,-1,6,288,504,136,640,119,125,244,10,3,13,897
"Farmington Hills 7",652,100,752,326,152,478,4,4,8,1238,405,65,470,148,84,232,14,3,17,719,1057,165,1222,474,236,710,18,7,25,1957
"Farmington Hills 8",543,85,628,239,125,364,4,1,5,997,416,81,497,103,90,193,3,9,12,702,959,166,1125,342,215,557,7,10,17,1699
"Farmington Hills 9",685,102,787,334,214,548,10,6,16,1351,523,126,649,180,114,294,8,8,16,959,1208,228,1436,514,328,842,18,14,32,2310
"Farmington Hills 10",771,172,943,303,172,475,10,8,18,1436,532,138,670,136,112,248,22,7,29,947,1303,310,1613,439,284,723,32,15,47,2383
"Farmington Hills 11",727,153,880,212,121,333,5,3,8,1221,289,81,370,97,82,179,9,6,15,564,1016,234,1250,309,203,512,14,9,23,1785
"Farmington Hills 12",682,128,810,145,100,245,0,2,2,1057,386,90,476,132,80,212,16,2,18,706,1068,218,1286,277,180,457,16,4,20,1763
"Farmington Hills 13",498,110,608,189,149,338,9,6,15,961,341,94,435,123,91,214,10,4,14,663,839,204,1043,312,240,552,19,10,29,1624
"Farmington Hills 14",484,94,578,269,228,497,3,6,9,1084,412,133,545,182,174,356,13,6,19,920,896,227,1123,451,402,853,16,12,28,2004
"Farmington Hills 15",291,67,358,167,106,273,3,2,5,636,243,43,286,89,67,156,7,3,10,452,534,110,644,256,173,429,10,5,15,1088
"Farmington Hills 16",675,126,801,309,177,486,4,6,10,1297,530,107,637,185,130,315,17,2,19,971,1205,233,1438,494,307,801,21,8,29,2268
"Farmington Hills 17",623,208,831,98,78,176,8,8,16,1023,242,119,361,35,61,96,3,3,6,463,865,327,1192,133,139,272,11,11,22,1486
"Farmington Hills 18",375,98,473,193,129,322,7,3,10,805,235,56,291,124,73,197,5,4,9,497,610,154,764,317,202,519,12,7,19,1302
"Farmington Hills 19",656,150,806,187,125,312,7,1,8,1126,373,95,468,111,104,215,4,6,10,693,1029,245,1274,298,229,527,11,7,18,1819
"Farmington Hills 20",776,166,942,233,172,405,5,7,12,1359,485,86,571,163,110,273,22,3,25,869,1261,252,1513,396,282,678,27,10,37,2228
"Farmington Hills 21",614,160,774,260,245,505,12,14,26,1305,389,135,524,168,149,317,5,0,5,846,1003,295,1298,428,394,822,17,14,31,2151
"Farmington Hills 22",416,79,495,213,143,356,3,5,8,859,293,83,376,122,111,233,11,1,12,621,709,162,871,335,254,589,14,6,20,1480
"Farmington Hills 23",455,92,547,289,133,422,6,0,6,975,351,64,415,154,82,236,19,2,21,672,806,156,962,443,215,658,25,2,27,1647
"Farmington Hills 24",712,121,833,369,181,550,7,4,11,1394,439,78,517,248,128,376,9,11,20,913,1151,199,1350,617,309,926,16,15,31,2307
"Farmington Hills 25",792,127,919,290,180,470,10,2,12,1401,384,80,464,155,120,275,11,7,18,757,1176,207,1383,445,300,745,21,9,30,2158
"Farmington Hills 26",597,172,769,235,182,417,12,14,26,1212,370,130,500,143,128,271,7,6,13,784,967,302,1269,378,310,688,19,20,39,1996
"Farmington Hills 27",580,230,810,179,194,373,11,13,24,1207,257,102,359,115,109,224,19,2,21,604,837,332,1169,294,303,597,30,15,45,1811
"Fenton 2",0,2,2,0,4,4,0,0,0,6,0,2,2,0,6,6,0,0,0,8,0,4,4,0,10,10,0,0,0,14
"Ferndale 1",859,142,1001,122,86,208,4,1,5,1214,565,112,677,77,59,136,12,12,24,837,1424,254,1678,199,145,344,16,13,29,2051
"Ferndale 2",493,171,664,74,92,166,6,5,11,841,296,139,435,38,66,104,6,13,19,558,789,310,1099,112,158,270,12,18,30,1399
"Ferndale 3",543,175,718,68,70,138,3,9,12,868,403,164,567,37,47,84,9,7,16,667,946,339,1285,105,117,222,12,16,28,1535
"Ferndale 4",479,166,645,83,86,169,7,5,12,826,287,146,433,49,77,126,13,11,24,583,766,312,1078,132,163,295,20,16,36,1409
"Ferndale 5",477,190,667,79,74,153,8,3,11,831,394,176,570,53,63,116,12,15,27,713,871,366,1237,132,137,269,20,18,38,1544
"Ferndale 6",384,172,556,103,132,235,3,6,9,800,311,114,425,52,94,146,7,14,21,592,695,286,981,155,226,381,10,20,30,1392
"Ferndale 7",425,151,576,79,108,187,3,6,9,772,247,104,351,45,84,129,5,7,12,492,672,255,927,124,192,316,8,13,21,1264
"Ferndale 8",284,92,376,46,34,80,0,5,5,461,203,84,287,30,35,65,7,6,13,365,487,176,663,76,69,145,7,11,18,826
"Ferndale 9",575,150,725,71,60,131,7,4,11,867,461,141,602,58,72,130,7,14,21,753,1036,291,1327,129,132,261,14,18,32,1620
"Hazel Park 1",370,194,564,104,209,313,3,9,12,889,230,143,373,56,143,199,13,6,19,591,600,337,937,160,352,512,16,15,31,1480
"Hazel Park 2",406,184,590,145,197,342,5,9,14,946,228,141,369,80,143,223,7,12,19,611,634,325,959,225,340,565,12,21,33,1557
"Hazel Park 3",289,154,443,141,223,364,8,10,18,825,146,103,249,55,126,181,4,7,11,441,435,257,692,196,349,545,12,17,29,1266
"Hazel Park 4",267,104,371,83,143,226,3,12,15,612,121,94,215,47,98,145,6,0,6,366,388,198,586,130,241,371,9,12,21,978
"Hazel Park 5",361,178,539,119,229,348,5,11,16,903,215,132,347,82,130,212,15,0,15,574,576,310,886,201,359,560,20,11,31,1477
"Hazel Park 6",308,155,463,84,161,245,11,7,18,726,146,89,235,55,100,155,7,5,12,402,454,244,698,139,261,400,18,12,30,1128
"Huntington Woods 1",437,47,484,50,42,92,0,0,0,576,396,84,480,42,34,76,5,7,12,568,833,131,964,92,76,168,5,7,12,1144
"Huntington Woods 2",312,58,370,42,49,91,1,2,3,464,263,76,339,36,38,74,3,6,9,422,575,134,709,78,87,165,4,8,12,886
"Huntington Woods 3",344,57,401,50,54,104,4,1,5,510,316,79,395,47,53,100,1,8,9,504,660,136,796,97,107,204,5,9,14,1014
"Huntington Woods 4",366,48,414,33,31,64,2,0,2,480,300,53,353,38,30,68,0,1,1,422,666,101,767,71,61,132,2,1,3,902
"Huntington Woods 5",322,53,375,50,37,87,2,1,3,465,269,103,372,57,22,79,8,2,10,461,591,156,747,107,59,166,10,3,13,926
"Keego Harbor 1",290,147,437,195,264,459,9,12,21,917,261,130,391,128,160,288,2,3,5,684,551,277,828,323,424,747,11,15,26,1601
"Lake Angelus 1",0,29,29,0,88,88,0,0,0,117,0,52,52,0,56,56,0,4,4,112,0,81,81,0,144,144,0,4,4,229
"Lathrup Village 1",777,131,908,85,48,133,3,5,8,1049,349,92,441,54,48,102,8,2,10,553,1126,223,1349,139,96,235,11,7,18,1602
"Lathrup Village 2",746,180,926,50,40,90,2,1,3,1019,330,97,427,50,23,73,6,4,10,510,1076,277,1353,100,63,163,8,5,13,1529
"Madison Heights 1",319,112,431,132,181,313,7,9,16,760,191,103,294,87,137,224,10,4,14,532,510,215,725,219,318,537,17,13,30,1292
"Madison Heights 2",262,94,356,132,147,279,7,6,13,648,210,75,285,72,99,171,7,4,11,467,472,169,641,204,246,450,14,10,24,1115
"Madison Heights 3",308,117,425,126,190,316,9,13,22,763,186,88,274,83,145,228,3,-3,0,502,494,205,699,209,335,544,12,10,22,1265
"Madison Heights 4",279,100,379,121,180,301,7,8,15,695,205,90,295,82,134,216,4,11,15,526,484,190,674,203,314,517,11,19,30,1221
"Madison Heights 5",234,78,312,160,171,331,4,5,9,652,192,80,272,80,121,201,5,-3,2,475,426,158,584,240,292,532,9,2,11,1127
"Madison Heights 6",136,4,140,38,11,49,1,0,1,190,26,3,29,10,32,42,2,0,2,73,162,7,169,48,43,91,3,0,3,263
"Madison Heights 7",397,90,487,233,224,457,6,5,11,955,354,105,459,175,165,340,15,-1,14,813,751,195,946,408,389,797,21,4,25,1768
"Madison Heights 8",486,119,605,285,273,558,13,5,18,1181,413,109,522,229,182,411,11,9,20,953,899,228,1127,514,455,969,24,14,38,2134
"Madison Heights 9",414,103,517,208,251,459,6,14,20,996,344,105,449,149,192,341,11,6,17,807,758,208,966,357,443,800,17,20,37,1803
"Madison Heights 10",305,107,412,220,183,403,7,6,13,828,276,98,374,143,152,295,10,6,16,685,581,205,786,363,335,698,17,12,29,1513
"Madison Heights 11",562,214,776,242,176,418,16,12,28,1222,250,107,357,114,107,221,0,10,10,588,812,321,1133,356,283,639,16,22,38,1810
"Northville 2",493,80,573,343,264,607,3,4,7,1187,537,118,655,226,185,411,19,12,31,1097,1030,198,1228,569,449,1018,22,16,38,2284
"Novi 1",389,78,467,246,179,425,6,1,7,899,346,63,409,161,123,284,8,7,15,708,735,141,876,407,302,709,14,8,22,1607
"Novi 2",529,124,653,320,205,525,6,6,12,1190,419,100,519,146,131,277,12,4,16,812,948,224,1172,466,336,802,18,10,28,2002
"Novi 3",422,112,534,201,125,326,6,6,12,872,253,63,316,127,113,240,8,1,9,565,675,175,850,328,238,566,14,7,21,1437
"Novi 4",462,118,580,218,163,381,5,0,5,966,328,94,422,108,123,231,10,6,16,669,790,212,1002,326,286,612,15,6,21,1635
"Novi 5",366,110,476,186,119,305,6,3,9,790,249,65,314,95,97,192,9,5,14,520,615,175,790,281,216,497,15,8,23,1310
"Novi 6",503,102,605,236,153,389,3,2,5,999,348,61,409,137,80,217,5,7,12,638,851,163,1014,373,233,606,8,9,17,1637
"Novi 7",514,95,609,242,110,352,8,2,10,971,256,59,315,95,92,187,11,1,12,514,770,154,924,337,202,539,19,3,22,1485
"Novi 8",449,79,528,255,186,441,4,4,8,977,263,79,342,126,105,231,6,1,7,580,712,158,870,381,291,672,10,5,15,1557
"Novi 9",433,52,485,268,103,371,2,1,3,859,294,45,339,160,69,229,12,2,14,582,727,97,824,428,172,600,14,3,17,1441
"Novi 10",300,30,330,305,62,367,2,0,2,699,222,20,242,105,21,126,8,0,8,376,522,50,572,410,83,493,10,0,10,1075
"Novi 11",383,168,551,144,169,313,5,9,14,878,193,95,288,85,114,199,7,0,7,494,576,263,839,229,283,512,12,9,21,1372
"Novi 12",436,232,668,91,124,215,9,7,16,899,195,132,327,66,85,151,5,1,6,484,631,364,995,157,209,366,14,8,22,1383
"Novi 13",456,83,539,227,184,411,5,5,10,960,304,38,342,144,127,271,14,0,14,627,760,121,881,371,311,682,19,5,24,1587
"Novi 14",329,103,432,143,100,243,1,1,2,677,119,39,158,50,50,100,8,3,11,269,448,142,590,193,150,343,9,4,13,946
"Novi 15",397,68,465,193,116,309,6,0,6,780,257,83,340,122,77,199,7,2,9,548,654,151,805,315,193,508,13,2,15,1328
"Novi 16",364,49,413,277,151,428,2,1,3,844,389,71,460,154,100,254,14,5,19,733,753,120,873,431,251,682,16,6,22,1577
"Novi 17",317,55,372,248,152,400,3,1,4,776,311,50,361,142,74,216,15,3,18,595,628,105,733,390,226,616,18,4,22,1371
"Novi 18",374,61,435,277,169,446,1,2,3,884,346,70,416,145,142,287,13,10,23,726,720,131,851,422,311,733,14,12,26,1610
"Novi 19",404,66,470,277,138,415,5,1,6,891,386,71,457,174,105,279,8,3,11,747,790,137,927,451,243,694,13,4,17,1638
"Novi 20",251,56,307,187,132,319,0,3,3,629,183,41,224,77,65,142,10,-1,9,375,434,97,531,264,197,461,10,2,12,1004
"Novi 21",429,47,476,286,123,409,5,4,9,894,366,58,424,118,73,191,7,1,8,623,795,105,900,404,196,600,12,5,17,1517
"Novi 22",335,122,457,126,185,311,4,7,11,779,165,79,244,62,104,166,5,4,9,419,500,201,701,188,289,477,9,11,20,1198
"Novi 23",329,58,387,250,126,376,2,1,3,766,294,34,328,111,93,204,12,3,15,547,623,92,715,361,219,580,14,4,18,1313
"Novi 24",383,41,424,276,140,416,2,0,2,842,336,51,387,206,100,306,10,9,19,712,719,92,811,482,240,722,12,9,21,1554
"Novi 25",196,31,227,239,148,387,3,2,5,619,166,26,192,91,73,164,8,1,9,365,362,57,419,330,221,551,11,3,14,984
"Oak Park 1",252,196,448,57,46,103,2,6,8,559,80,67,147,18,28,46,2,2,4,197,332,263,595,75,74,149,4,8,12,756
"Oak Park 2",328,110,438,166,122,288,5,5,10,736,193,75,268,148,108,256,9,-2,7,531,521,185,706,314,230,544,14,3,17,1267
"Oak Park 3",426,98,524,179,141,320,2,0,2,846,231,88,319,120,95,215,1,11,12,546,657,186,843,299,236,535,3,11,14,1392
"Oak Park 4",317,106,423,177,94,271,2,5,7,701,71,32,103,102,52,154,1,1,2,259,388,138,526,279,146,425,3,6,9,960
"Oak Park 5",375,144,519,24,17,41,4,4,8,568,136,47,183,15,16,31,3,7,10,224,511,191,702,39,33,72,7,11,18,792
"Oak Park 6",496,180,676,79,68,147,2,4,6,829,134,73,207,65,47,112,2,-1,1,320,630,253,883,144,115,259,4,3,7,1149
"Oak Park 7",560,268,828,25,22,47,5,5,10,885,162,82,244,14,17,31,-2,3,1,276,722,350,1072,39,39,78,3,8,11,1161
"Oak Park 8",679,227,906,21,9,30,4,3,7,943,160,55,215,16,13,29,1,2,3,247,839,282,1121,37,22,59,5,5,10,1190
"Oak Park 9",658,231,889,17,16,33,0,7,7,929,126,62,188,14,26,40,4,1,5,233,784,293,1077,31,42,73,4,8,12,1162
"Oak Park 10",698,295,993,28,18,46,2,2,4,1043,136,102,238,13,19,32,5,4,9,279,834,397,1231,41,37,78,7,6,13,1322
"Oak Park 11",393,260,653,55,61,116,3,9,12,781,68,81,149,16,31,47,4,-4,0,196,461,341,802,71,92,163,7,5,12,977
"Oak Park 12",644,262,906,34,37,71,1,11,12,989,177,90,267,19,22,41,8,3,11,319,821,352,1173,53,59,112,9,14,23,1308
"Oak Park 13",649,206,855,22,20,42,3,3,6,903,214,79,293,18,14,32,0,3,3,328,863,285,1148,40,34,74,3,6,9,1231
"Oak Park 14",392,157,549,44,46,90,2,6,8,647,202,110,312,34,55,89,8,2,10,411,594,267,861,78,101,179,10,8,18,1058
"Oak Park 15",421,190,611,43,29,72,2,4,6,689,207,75,282,24,34,58,2,5,7,347,628,265,893,67,63,130,4,9,13,1036
"Oak Park 16",397,149,546,54,81,135,4,4,8,689,276,113,389,36,70,106,8,12,20,515,673,262,935,90,151,241,12,16,28,1204
"Orchard Lake 1",338,49,387,440,231,671,3,1,4,1062,276,60,336,185,114,299,9,9,18,653,614,109,723,625,345,970,12,10,22,1715
"Pleasant Ridge 1",645,246,891,94,113,207,3,3,6,1104,540,173,713,68,106,174,21,11,32,919,1185,419,1604,162,219,381,24,14,38,2023
"Pontiac 1",795,347,1142,24,18,42,3,10,13,1197,160,65,225,12,24,36,5,-3,2,263,955,412,1367,36,42,78,8,7,15,1460
"Pontiac 2",475,237,712,43,55,98,5,8,13,823,101,54,155,11,30,41,-2,1,-1,195,576,291,867,54,85,139,3,9,12,1018
"Pontiac 3",602,263,865,42,51,93,8,10,18,976,164,89,253,24,35,59,-1,3,2,314,766,352,1118,66,86,152,7,13,20,1290
"Pontiac 4",370,134,504,78,109,187,5,10,15,706,192,75,267,61,92,153,6,0,6,426,562,209,771,139,201,340,11,10,21,1132
"Pontiac 5",388,178,566,49,62,111,5,1,6,683,177,63,240,43,69,112,5,5,10,362,565,241,806,92,131,223,10,6,16,1045
"Pontiac 6",520,261,781,35,62,97,4,5,9,887,151,94,245,28,36,64,7,11,18,327,671,355,1026,63,98,161,11,16,27,1214
"Pontiac 7",147,150,297,33,50,83,3,4,7,387,24,29,53,10,14,24,-2,1,-1,76,171,179,350,43,64,107,1,5,6,463
"Pontiac 8",330,249,579,100,148,248,7,18,25,852,98,63,161,52,70,122,5,-5,0,283,428,312,740,152,218,370,12,13,25,1135
"Pontiac 9",271,218,489,38,52,90,6,4,10,589,45,44,89,13,29,42,-4,1,-3,128,316,262,578,51,81,132,2,5,7,717
"Pontiac 10",81,75,156,29,36,65,3,0,3,224,12,23,35,16,18,34,-1,0,-1,68,93,98,191,45,54,99,2,0,2,292
"Pontiac 11",520,308,828,143,188,331,8,13,21,1180,198,104,302,73,113,186,3,3,6,494,718,412,1130,216,301,517,11,16,27,1674
"Pontiac 12",380,260,640,90,166,256,3,12,15,911,135,67,202,37,77,114,4,3,7,323,515,327,842,127,243,370,7,15,22,1234
"Pontiac 13",437,231,668,72,128,200,6,17,23,891,165,89,254,51,65,116,1,-1,0,370,602,320,922,123,193,316,7,16,23,1261
"Pontiac 14",347,236,583,25,49,74,8,6,14,671,115,71,186,9,27,36,4,-1,3,225,462,307,769,34,76,110,12,5,17,896
"Pontiac 15",594,418,1012,28,48,76,4,3,7,1095,113,69,182,11,30,41,0,3,3,226,707,487,1194,39,78,117,4,6,10,1321
"Pontiac 16",590,307,897,37,55,92,8,15,23,1012,135,87,222,23,31,54,-1,-10,-11,265,725,394,1119,60,86,146,7,5,12,1277
"Pontiac 17",280,248,528,48,86,134,10,9,19,681,97,49,146,26,51,77,0,0,0,223,377,297,674,74,137,211,10,9,19,904
"Pontiac 18",221,133,354,21,72,93,7,8,15,462,62,38,100,13,32,45,-2,-2,-4,141,283,171,454,34,104,138,5,6,11,603
"Pontiac 19",578,323,901,22,30,52,13,15,28,981,92,66,158,11,19,30,-7,-9,-16,172,670,389,1059,33,49,82,6,6,12,1153
"Pontiac 20",615,285,900,42,29,71,6,12,18,989,106,64,170,13,8,21,-2,-4,-6,185,721,349,1070,55,37,92,4,8,12,1174
"Pontiac 21",522,343,865,32,34,66,9,6,15,946,121,69,190,15,29,44,-1,3,2,236,643,412,1055,47,63,110,8,9,17,1182
"Rochester 1",334,112,446,167,197,364,5,3,8,818,318,129,447,87,128,215,9,15,24,686,652,241,893,254,325,579,14,18,32,1504
"Rochester 2",444,106,550,288,284,572,7,4,11,1133,377,137,514,152,184,336,3,9,12,862,821,243,1064,440,468,908,10,13,23,1995
"Rochester 3",221,86,307,141,170,311,4,3,7,625,244,90,334,83,128,211,9,3,12,557,465,176,641,224,298,522,13,6,19,1182
"Rochester 4",210,41,251,180,170,350,1,1,2,603,198,45,243,95,85,180,11,8,19,442,408,86,494,275,255,530,12,9,21,1045
"Rochester 5",287,35,322,306,276,582,1,1,2,906,322,67,389,217,187,404,8,2,10,803,609,102,711,523,463,986,9,3,12,1709
"Rochester 6",179,20,199,197,109,306,0,1,1,506,205,30,235,91,111,202,6,3,9,446,384,50,434,288,220,508,6,4,10,952
"Rochester Hills 1",375,86,461,298,172,470,3,3,6,937,334,75,409,177,118,295,11,2,13,717,709,161,870,475,290,765,14,5,19,1654
"Rochester Hills 2",221,51,272,114,63,177,2,3,5,454,134,40,174,51,32,83,4,5,9,266,355,91,446,165,95,260,6,8,14,720
"Rochester Hills 3",233,88,321,148,202,350,1,1,2,673,214,72,286,86,103,189,19,6,25,500,447,160,607,234,305,539,20,7,27,1173
"Rochester Hills 4",262,64,326,192,126,318,0,1,1,645,205,46,251,91,93,184,8,1,9,444,467,110,577,283,219,502,8,2,10,1089
"Rochester Hills 5",326,81,407,285,296,581,4,7,11,999,258,59,317,146,160,306,15,11,26,649,584,140,724,431,456,887,19,18,37,1648
"Rochester Hills 6",467,80,547,432,239,671,5,11,16,1234,326,70,396,192,138,330,7,2,9,735,793,150,943,624,377,1001,12,13,25,1969
"Rochester Hills 7",146,51,197,159,101,260,3,2,5,462,194,50,244,83,83,166,6,8,14,424,340,101,441,242,184,426,9,10,19,886
"Rochester Hills 8",154,30,184,190,92,282,0,1,1,467,184,32,216,80,68,148,8,0,8,372,338,62,400,270,160,430,8,1,9,839
"Rochester Hills 9",376,63,439,280,195,475,5,4,9,923,482,82,564,219,189,408,18,3,21,993,858,145,1003,499,384,883,23,7,30,1916
"Rochester Hills 10",283,57,340,160,116,276,1,3,4,620,327,73,400,95,102,197,10,4,14,611,610,130,740,255,218,473,11,7,18,1231
"Rochester Hills 11",250,82,332,169,229,398,7,6,13,743,203,76,279,77,140,217,4,7,11,507,453,158,611,246,369,615,11,13,24,1250
"Rochester Hills 12",325,62,387,336,250,586,2,4,6,979,315,70,385,187,192,379,18,1,19,783,640,132,772,523,442,965,20,5,25,1762
"Rochester Hills 13",264,54,318,226,234,460,0,4,4,782,213,59,272,126,127,253,6,2,8,533,477,113,590,352,361,713,6,6,12,1315
"Rochester Hills 14",497,63,560,355,210,565,3,7,10,1135,399,59,458,207,159,366,17,2,19,843,896,122,1018,562,369,931,20,9,29,1978
"Rochester Hills 15",278,98,376,226,217,443,8,5,13,832,192,70,262,114,136,250,9,2,11,523,470,168,638,340,353,693,17,7,24,1355
"Rochester Hills 16",415,77,492,313,253,566,7,5,12,1070,335,81,416,169,185,354,19,10,29,799,750,158,908,482,438,920,26,15,41,1869
"Rochester Hills 17",450,78,528,316,236,552,4,2,6,1086,450,78,528,173,156,329,18,10,28,885,900,156,1056,489,392,881,22,12,34,1971
"Rochester Hills 18",222,34,256,246,139,385,1,2,3,644,278,40,318,141,115,256,11,7,18,592,500,74,574,387,254,641,12,9,21,1236
"Rochester Hills 19",171,32,203,208,160,368,2,2,4,575,245,76,321,110,128,238,8,3,11,570,416,108,524,318,288,606,10,5,15,1145
"Rochester Hills 20",248,42,290,165,86,251,1,0,1,542,227,30,257,104,88,192,5,7,12,461,475,72,547,269,174,443,6,7,13,1003
"Rochester Hills 21",289,59,348,322,282,604,4,1,5,957,300,80,380,167,172,339,6,6,12,731,589,139,728,489,454,943,10,7,17,1688
"Rochester Hills 22",263,41,304,203,101,304,1,1,2,610,264,51,315,123,65,188,6,8,14,517,527,92,619,326,166,492,7,9,16,1127
"Rochester Hills 23",259,35,294,176,111,287,5,2,7,588,257,44,301,102,82,184,10,0,10,495,516,79,595,278,193,471,15,2,17,1083
"Rochester Hills 24",371,38,409,286,149,435,4,2,6,850,305,41,346,159,104,263,7,1,8,617,676,79,755,445,253,698,11,3,14,1467
"Rochester Hills 25",365,65,430,300,216,516,7,3,10,956,416,97,513,216,170,386,7,7,14,913,781,162,943,516,386,902,14,10,24,1869
"Rochester Hills 26",443,70,513,351,230,581,3,1,4,1098,460,87,547,234,154,388,9,7,16,951,903,157,1060,585,384,969,12,8,20,2049
"Rochester Hills 27",402,49,451,250,166,416,4,2,6,873,296,55,351,146,108,254,3,4,7,612,698,104,802,396,274,670,7,6,13,1485
"Rochester Hills 28",383,141,524,176,164,340,2,5,7,871,203,70,273,87,74,161,5,3,8,442,586,211,797,263,238,501,7,8,15,1313
"Rochester Hills 29",183,36,219,137,107,244,5,3,8,471,187,51,238,103,79,182,3,7,10,430,370,87,457,240,186,426,8,10,18,901
"Rochester Hills 30",434,55,489,270,183,453,8,4,12,954,465,88,553,181,178,359,12,8,20,932,899,143,1042,451,361,812,20,12,32,1886
"Rochester Hills 31",290,62,352,173,175,348,2,1,3,703,244,50,294,121,91,212,1,5,6,512,534,112,646,294,266,560,3,6,9,1215
"Rochester Hills 32",334,69,403,240,161,401,2,4,6,810,282,55,337,142,119,261,10,2,12,610,616,124,740,382,280,662,12,6,18,1420
"Royal Oak 1",494,102,596,121,150,271,0,2,2,869,446,142,588,98,102,200,14,9,23,811,940,244,1184,219,252,471,14,11,25,1680
"Royal Oak 2",467,147,614,162,183,345,5,8,13,972,383,207,590,119,178,297,24,7,31,918,850,354,1204,281,361,642,29,15,44,1890
"Royal Oak 3",311,108,419,109,154,263,1,3,4,686,298,118,416,77,129,206,17,12,29,651,609,226,835,186,283,469,18,15,33,1337
"Royal Oak 4",348,114,462,113,127,240,2,6,8,710,333,156,489,61,140,201,11,5,16,706,681,270,951,174,267,441,13,11,24,1416
"Royal Oak 5",397,79,476,115,100,215,5,4,9,700,281,98,379,72,87,159,8,0,8,546,678,177,855,187,187,374,13,4,17,1246
"Royal Oak 6",589,175,764,143,178,321,4,11,15,1100,533,227,760,102,179,281,24,19,43,1084,1122,402,1524,245,357,602,28,30,58,2184
"Royal Oak 7",420,155,575,120,145,265,4,3,7,847,289,111,400,70,73,143,7,5,12,555,709,266,975,190,218,408,11,8,19,1402
"Royal Oak 8",480,130,610,201,173,374,4,6,10,994,509,166,675,151,182,333,8,12,20,1028,989,296,1285,352,355,707,12,18,30,2022
"Royal Oak 9",618,149,767,171,186,357,4,7,11,1135,535,216,751,129,174,303,18,26,44,1098,1153,365,1518,300,360,660,22,33,55,2233
"Royal Oak 10",399,103,502,161,162,323,5,4,9,834,408,145,553,104,136,240,6,8,14,807,807,248,1055,265,298,563,11,12,23,1641
"Royal Oak 11",351,112,463,126,162,288,4,4,8,759,276,143,419,75,107,182,11,8,19,620,627,255,882,201,269,470,15,12,27,1379
"Royal Oak 12",340,124,464,120,169,289,5,8,13,766,340,148,488,78,152,230,13,6,19,737,680,272,952,198,321,519,18,14,32,1503
"Royal Oak 13",395,130,525,165,180,345,0,4,4,874,405,150,555,95,146,241,8,7,15,811,800,280,1080,260,326,586,8,11,19,1685
"Royal Oak 14",354,58,412,157,105,262,3,5,8,682,410,114,524,105,120,225,7,3,10,759,764,172,936,262,225,487,10,8,18,1441
"Royal Oak 15",322,132,454,114,116,230,3,7,10,694,234,101,335,50,73,123,11,12,23,481,556,233,789,164,189,353,14,19,33,1175
"Royal Oak 16",571,135,706,236,176,412,5,0,5,1123,494,188,682,141,183,324,20,18,38,1044,1065,323,1388,377,359,736,25,18,43,2167
"Royal Oak 17",409,86,495,149,134,283,3,4,7,785,381,141,522,100,112,212,10,12,22,756,790,227,1017,249,246,495,13,16,29,1541
"Royal Oak 18",402,120,522,143,140,283,8,3,11,816,370,163,533,91,114,205,5,10,15,753,772,283,1055,234,254,488,13,13,26,1569
"Royal Oak 19",541,191,732,197,245,442,7,7,14,1188,502,212,714,161,205,366,21,24,45,1125,1043,403,1446,358,450,808,28,31,59,2313
"Royal Oak 20",431,109,540,212,154,366,4,12,16,922,472,151,623,114,147,261,16,10,26,910,903,260,1163,326,301,627,20,22,42,1832
"Royal Oak 21",507,150,657,165,142,307,2,6,8,972,349,124,473,101,122,223,11,13,24,720,856,274,1130,266,264,530,13,19,32,1692
"Royal Oak 22",466,128,594,165,173,338,4,5,9,941,393,161,554,121,147,268,12,8,20,842,859,289,1148,286,320,606,16,13,29,1783
"Royal Oak 23",321,116,437,126,167,293,1,6,7,737,307,128,435,86,134,220,7,7,14,669,628,244,872,212,301,513,8,13,21,1406
"Royal Oak 24",219,67,286,70,106,176,6,1,7,469,231,72,303,64,96,160,8,9,17,480,450,139,589,134,202,336,14,10,24,949
"South Lyon 1",539,106,645,483,326,809,4,7,11,1465,467,127,594,207,248,455,19,9,28,1077,1006,233,1239,690,574,1264,23,16,39,2542
"South Lyon 2",274,79,353,211,305,516,9,9,18,887,331,117,448,144,229,373,4,14,18,839,605,196,801,355,534,889,13,23,36,1726
"South Lyon 3",312,84,396,306,282,588,4,5,9,993,399,107,506,187,219,406,8,6,14,926,711,191,902,493,501,994,12,11,23,1919
"South Lyon 4",212,79,291,152,210,362,6,9,15,668,202,97,299,81,168,249,5,10,15,563,414,176,590,233,378,611,11,19,30,1231
"Southfield 1",704,168,872,66,32,98,4,4,8,978,256,61,317,22,26,48,6,-1,5,370,960,229,1189,88,58,146,10,3,13,1348
"Southfield 2",757,142,899,119,65,184,7,3,10,1093,414,90,504,50,34,84,14,2,16,604,1171,232,1403,169,99,268,21,5,26,1697
"Southfield 3",647,161,808,59,53,112,5,7,12,932,242,59,301,46,33,79,-1,5,4,384,889,220,1109,105,86,191,4,12,16,1316
"Southfield 4",797,180,977,66,86,152,7,8,15,1144,257,91,348,42,42,84,1,5,6,438,1054,271,1325,108,128,236,8,13,21,1582
"Southfield 5",373,121,494,56,69,125,2,2,4,623,208,71,279,39,55,94,11,11,22,395,581,192,773,95,124,219,13,13,26,1018
"Southfield 6",638,151,789,55,46,101,5,1,6,896,224,84,308,35,29,64,7,1,8,380,862,235,1097,90,75,165,12,2,14,1276
"Southfield 7",751,190,941,37,17,54,2,3,5,1000,267,63,330,21,19,40,0,3,3,373,1018,253,1271,58,36,94,2,6,8,1373
"Southfield 8",577,169,746,45,31,76,5,2,7,829,205,45,250,29,22,51,2,3,5,306,782,214,996,74,53,127,7,5,12,1135
"Southfield 9",543,182,725,89,77,166,10,9,19,910,224,84,308,31,52,83,9,5,14,405,767,266,1033,120,129,249,19,14,33,1315
"Southfield 10",699,191,890,52,39,91,4,4,8,989,232,73,305,27,17,44,7,-1,6,355,931,264,1195,79,56,135,11,3,14,1344
"Southfield 11",810,223,1033,36,22,58,4,10,14,1105,210,73,283,21,12,33,3,4,7,323,1020,296,1316,57,34,91,7,14,21,1428
"Southfield 12",712,172,884,29,37,66,4,1,5,955,189,68,257,11,26,37,-1,6,5,299,901,240,1141,40,63,103,3,7,10,1254
"Southfield 13",618,112,730,100,89,189,2,1,3,922,172,46,218,68,78,146,2,0,2,366,790,158,948,168,167,335,4,1,5,1288
"Southfield 14",389,93,482,191,120,311,1,1,2,795,95,28,123,94,76,170,3,3,6,299,484,121,605,285,196,481,4,4,8,1094
"Southfield 15",511,167,678,29,28,57,3,7,10,745,161,62,223,24,18,42,4,-1,3,268,672,229,901,53,46,99,7,6,13,1013
"Southfield 16",647,168,815,26,19,45,2,4,6,866,184,71,255,26,18,44,3,0,3,302,831,239,1070,52,37,89,5,4,9,1168
"Southfield 17",635,177,812,70,99,169,0,6,6,987,162,61,223,38,92,130,2,-1,1,354,797,238,1035,108,191,299,2,5,7,1341
"Southfield 18",700,301,1001,17,11,28,2,8,10,1039,152,97,249,13,12,25,2,-2,0,274,852,398,1250,30,23,53,4,6,10,1313
"Southfield 19",437,227,664,25,37,62,3,7,10,736,136,74,210,15,37,52,4,-1,3,265,573,301,874,40,74,114,7,6,13,1001
"Southfield 20",806,216,1022,31,13,44,2,1,3,1069,201,71,272,20,5,25,0,3,3,300,1007,287,1294,51,18,69,2,4,6,1369
"Southfield 21",863,236,1099,24,11,35,1,4,5,1139,236,69,305,20,12,32,3,1,4,341,1099,305,1404,44,23,67,4,5,9,1480
"Southfield 22",892,235,1127,21,18,39,6,9,15,1181,182,46,228,27,10,37,-4,-3,-7,258,1074,281,1355,48,28,76,2,6,8,1439
"Southfield 23",782,202,984,46,32,78,3,1,4,1066,245,89,334,26,24,50,4,3,7,391,1027,291,1318,72,56,128,7,4,11,1457
"Southfield 24",621,259,880,28,21,49,4,5,9,938,194,102,296,20,19,39,5,2,7,342,815,361,1176,48,40,88,9,7,16,1280
"Southfield 25",607,131,738,48,28,76,1,2,3,817,198,39,237,34,23,57,6,5,11,305,805,170,975,82,51,133,7,7,14,1122
"Southfield 26",734,140,874,79,39,118,2,3,5,997,263,64,327,51,26,77,6,6,12,416,997,204,1201,130,65,195,8,9,17,1413
"Southfield 27",690,212,902,33,17,50,4,5,9,961,162,62,224,9,18,27,1,3,4,255,852,274,1126,42,35,77,5,8,13,1216
"Southfield 28",548,266,814,34,18,52,8,8,16,882,136,76,212,18,13,31,-5,0,-5,238,684,342,1026,52,31,83,3,8,11,1120
"Southfield 29",920,216,1136,63,37,100,6,4,10,1246,298,95,393,43,39,82,3,5,8,483,1218,311,1529,106,76,182,9,9,18,1729
"Southfield 30",840,167,1007,93,48,141,1,3,4,1152,215,53,268,39,23,62,5,2,7,337,1055,220,1275,132,71,203,6,5,11,1489
"Southfield 31",729,229,958,73,20,93,5,6,11,1062,195,67,262,19,10,29,0,-2,-2,289,924,296,1220,92,30,122,5,4,9,1351
"Southfield 32",584,171,755,50,33,83,3,6,9,847,173,49,222,25,34,59,1,0,1,282,757,220,977,75,67,142,4,6,10,1129
"Southfield 33",837,274,1111,28,18,46,6,5,11,1168,218,92,310,14,14,28,-3,3,0,338,1055,366,1421,42,32,74,3,8,11,1506
"Southfield 34",394,165,559,53,98,151,6,5,11,721,179,76,255,44,43,87,-1,-4,-5,337,573,241,814,97,141,238,5,1,6,1058
"Southfield 35",478,235,713,22,28,50,1,3,4,767,125,54,179,15,23,38,2,2,4,221,603,289,892,37,51,88,3,5,8,988
"Southfield 36",462,206,668,39,52,91,8,3,11,770,126,54,180,24,42,66,1,3,4,250,588,260,848,63,94,157,9,6,15,1020
"Sylvan Lake 1",251,84,335,165,207,372,3,2,5,712,258,107,365,104,132,236,5,5,10,611,509,191,700,269,339,608,8,7,15,1323
"Troy 1",328,71,399,156,163,319,7,0,7,725,204,57,261,84,99,183,3,2,5,449,532,128,660,240,262,502,10,2,12,1174
"Troy 2",483,95,578,301,241,542,1,7,8,1128,341,104,445,168,148,316,6,2,8,769,824,199,1023,469,389,858,7,9,16,1897
"Troy 3",373,74,447,319,292,611,1,2,3,1061,340,55,395,166,151,317,14,2,16,728,713,129,842,485,443,928,15,4,19,1789
"Troy 4",667,81,748,383,221,604,4,4,8,1360,528,72,600,244,174,418,20,7,27,1045,1195,153,1348,627,395,1022,24,11,35,2405
"Troy 5",213,52,265,286,176,462,2,3,5,732,252,56,308,126,113,239,16,2,18,565,465,108,573,412,289,701,18,5,23,1297
"Troy 6",100,24,124,93,64,157,2,3,5,286,83,25,108,24,42,66,3,0,3,177,183,49,232,117,106,223,5,3,8,463
"Troy 7",413,53,466,278,149,427,2,3,5,898,300,56,356,135,58,193,4,1,5,554,713,109,822,413,207,620,6,4,10,1452
"Troy 8",396,91,487,197,150,347,6,1,7,841,317,80,397,101,117,218,3,3,6,621,713,171,884,298,267,565,9,4,13,1462
"Troy 9",411,88,499,333,264,597,5,5,10,1106,364,71,435,217,163,380,9,7,16,831,775,159,934,550,427,977,14,12,26,1937
"Troy 10",423,79,502,256,220,476,1,4,5,983,384,93,477,149,156,305,11,5,16,798,807,172,979,405,376,781,12,9,21,1781
"Troy 11",369,95,464,274,161,435,4,2,6,905,335,64,399,164,143,307,5,3,8,714,704,159,863,438,304,742,9,5,14,1619
"Troy 12",314,41,355,207,159,366,0,3,3,724,273,34,307,121,92,213,6,8,14,534,587,75,662,328,251,579,6,11,17,1258
"Troy 13",604,120,724,332,268,600,10,2,12,1336,530,95,625,193,183,376,13,13,26,1027,1134,215,1349,525,451,976,23,15,38,2363
"Troy 14",439,73,512,298,250,548,1,4,5,1065,323,88,411,133,132,265,12,4,16,692,762,161,923,431,382,813,13,8,21,1757
"Troy 15",456,95,551,214,213,427,4,1,5,983,347,77,424,138,132,270,14,6,20,714,803,172,975,352,345,697,18,7,25,1697
"Troy 16",349,83,432,198,174,372,1,9,10,814,280,84,364,110,127,237,10,3,13,614,629,167,796,308,301,609,11,12,23,1428
"Troy 17",534,63,597,297,163,460,3,1,4,1061,383,69,452,171,80,251,10,3,13,716,917,132,1049,468,243,711,13,4,17,1777
"Troy 18",262,52,314,209,157,366,3,1,4,684,299,64,363,121,97,218,11,10,21,602,561,116,677,330,254,584,14,11,25,1286
"Troy 19",280,46,326,206,138,344,4,0,4,674,366,63,429,126,93,219,21,3,24,672,646,109,755,332,231,563,25,3,28,1346
"Troy 20",487,90,577,335,204,539,7,2,9,1125,388,68,456,169,128,297,11,4,15,768,875,158,1033,504,332,836,18,6,24,1893
"Troy 21",353,78,431,155,194,349,5,5,10,790,229,70,299,70,134,204,9,8,17,520,582,148,730,225,328,553,14,13,27,1310
"Troy 22",602,111,713,330,244,574,7,3,10,1297,503,112,615,188,158,346,8,4,12,973,1105,223,1328,518,402,920,15,7,22,2270
"Troy 23",641,113,754,315,275,590,7,8,15,1359,446,98,544,215,185,400,2,6,8,952,1087,211,1298,530,460,990,9,14,23,2311
"Troy 24",403,119,522,286,365,651,6,4,10,1183,250,75,325,168,163,331,16,10,26,682,653,194,847,454,528,982,22,14,36,1865
"Troy 25",510,140,650,310,283,593,12,11,23,1266,283,85,368,121,163,284,11,4,15,667,793,225,1018,431,446,877,23,15,38,1933
"Troy 26",484,126,610,250,220,470,10,4,14,1094,316,105,421,95,171,266,3,6,9,696,800,231,1031,345,391,736,13,10,23,1790
"Troy 27",429,124,553,224,154,378,9,3,12,943,206,62,268,82,72,154,6,6,12,434,635,186,821,306,226,532,15,9,24,1377
"Troy 28",402,115,517,152,131,283,1,3,4,804,237,80,317,78,79,157,3,1,4,478,639,195,834,230,210,440,4,4,8,1282
"Troy 29",421,71,492,294,210,504,2,4,6,1002,520,109,629,185,186,371,14,11,25,1025,941,180,1121,479,396,875,16,15,31,2027
"Troy 30",124,12,136,58,56,114,3,0,3,253,113,31,144,43,33,76,6,2,8,228,237,43,280,101,89,190,9,2,11,481
"Troy 31",145,32,177,127,84,211,0,2,2,390,164,33,197,69,63,132,11,1,12,341,309,65,374,196,147,343,11,3,14,731
"Walled Lake 1",299,154,453,199,230,429,2,9,11,893,154,95,249,94,147,241,7,8,15,505,453,249,702,293,377,670,9,17,26,1398
"Walled Lake 2",334,137,471,212,265,477,5,7,12,960,214,99,313,144,191,335,4,-1,3,651,548,236,784,356,456,812,9,6,15,1611
"Walled Lake 3",215,72,287,156,203,359,1,7,8,654,158,75,233,58,157,215,8,5,13,461,373,147,520,214,360,574,9,12,21,1115
"Wixom 1",377,75,452,429,293,722,7,5,12,1186,445,114,559,282,202,484,14,6,20,1063,822,189,1011,711,495,1206,21,11,32,2249
"Wixom 2",324,56,380,311,226,537,4,2,6,923,339,96,435,240,219,459,27,7,34,928,663,152,815,551,445,996,31,9,40,1851
"Wixom 3",719,267,986,183,189,372,15,13,28,1386,279,114,393,73,95,168,13,6,19,580,998,381,1379,256,284,540,28,19,47,1966
"Wixom 4",511,116,627,385,275,660,9,8,17,1304,359,117,476,178,168,346,18,9,27,849,870,233,1103,563,443,1006,27,17,44,2153
